LeNet1(
  (conv1): Conv2d(3, 6, kernel_size=(5, 5), stride=(1, 1))
  (conv2): Conv2d(6, 16, kernel_size=(5, 5), stride=(1, 1))
  (fc1): Linear(in_features=400, out_features=120, bias=True)
  (fc2): Linear(in_features=120, out_features=84, bias=True)
  (fc3): Linear(in_features=84, out_features=10, bias=True)
)
--------------------
Model's state_dict:
conv1.weight 	 torch.Size([6, 3, 5, 5])
conv1.bias 	 torch.Size([6])
conv2.weight 	 torch.Size([16, 6, 5, 5])
conv2.bias 	 torch.Size([16])
fc1.weight 	 torch.Size([120, 400])
fc1.bias 	 torch.Size([120])
fc2.weight 	 torch.Size([84, 120])
fc2.bias 	 torch.Size([84])
fc3.weight 	 torch.Size([10, 84])
fc3.bias 	 torch.Size([10])
--------------------
Optimizer's state_dict:
state 	 {}
param_groups 	 [{'lr': 0.001, 'momentum': 0.9, 'dampening': 0, 'weight_decay': 0, 'nesterov': False, 'params': [103465399352, 103465399424, 103465399496, 103465399568, 103465399640, 103465399712, 103465399784, 103465399856, 103465399928, 103465400000]}]
--------------------
After training, Model's state_dict:
conv1.weight 	 torch.Size([6, 3, 5, 5])
conv1.bias 	 torch.Size([6])
conv2.weight 	 torch.Size([16, 6, 5, 5])
conv2.bias 	 torch.Size([16])
fc1.weight 	 torch.Size([120, 400])
fc1.bias 	 torch.Size([120])
fc2.weight 	 torch.Size([84, 120])
fc2.bias 	 torch.Size([84])
fc3.weight 	 torch.Size([10, 84])
fc3.bias 	 torch.Size([10])
--------------------
After training, Optimizer's state_dict:
state 	 {103465399352: {'momentum_buffer': tensor([[[[-0.2614, -0.2412, -0.2131, -0.2626, -0.2650],
          [-0.2338, -0.2180, -0.2118, -0.2374, -0.2044],
          [-0.1303, -0.1099, -0.1688, -0.1589, -0.1092],
          [-0.0776, -0.0317, -0.1356, -0.1828, -0.0945],
          [-0.1010, -0.0696, -0.1446, -0.2674, -0.2277]],

         [[-0.1785, -0.1603, -0.1381, -0.1930, -0.2050],
          [-0.1840, -0.1592, -0.1333, -0.1951, -0.1810],
          [-0.1254, -0.0994, -0.1065, -0.1332, -0.1387],
          [-0.0989, -0.0751, -0.0947, -0.1431, -0.1362],
          [-0.1659, -0.1585, -0.1349, -0.2193, -0.2307]],

         [[-0.1591, -0.1157, -0.0893, -0.1922, -0.2184],
          [-0.2082, -0.1583, -0.1185, -0.1921, -0.2017],
          [-0.1869, -0.1394, -0.1107, -0.1335, -0.1567],
          [-0.1595, -0.1097, -0.0931, -0.1447, -0.1462],
          [-0.1997, -0.1758, -0.1250, -0.2032, -0.2221]]],


        [[[-0.7227, -0.8086, -0.7516, -0.6628, -0.6508],
          [-0.5771, -0.6813, -0.7332, -0.6438, -0.6061],
          [-0.3859, -0.5550, -0.6262, -0.4604, -0.4182],
          [-0.2419, -0.4282, -0.4600, -0.2466, -0.1367],
          [-0.0959, -0.1830, -0.1780, -0.0436,  0.0742]],

         [[-0.6482, -0.7098, -0.6295, -0.5433, -0.5368],
          [-0.5630, -0.6124, -0.6208, -0.5471, -0.5193],
          [-0.4021, -0.5581, -0.5480, -0.3879, -0.3771],
          [-0.2998, -0.4993, -0.4750, -0.2519, -0.1576],
          [-0.1988, -0.3089, -0.2974, -0.1079,  0.0496]],

         [[-0.6689, -0.7058, -0.6158, -0.5139, -0.4853],
          [-0.5867, -0.6252, -0.6048, -0.4946, -0.4555],
          [-0.4499, -0.5788, -0.5451, -0.3573, -0.3144],
          [-0.3637, -0.5340, -0.4916, -0.2345, -0.1010],
          [-0.2676, -0.3466, -0.3084, -0.0998,  0.0788]]],


        [[[ 0.0301,  0.0125, -0.0288, -0.0462, -0.0433],
          [ 0.0420,  0.0170, -0.0559, -0.1391, -0.1205],
          [ 0.0782,  0.0161, -0.0957, -0.2067, -0.2093],
          [ 0.1708,  0.0684, -0.1107, -0.2295, -0.1698],
          [ 0.1542,  0.0836, -0.0727, -0.1562, -0.0586]],

         [[ 0.1653,  0.1303,  0.0226, -0.0166, -0.0021],
          [ 0.1166,  0.0853, -0.0082, -0.0831, -0.0966],
          [ 0.1369,  0.0893, -0.0374, -0.1428, -0.2057],
          [ 0.2019,  0.1428, -0.0614, -0.1971, -0.1977],
          [ 0.1381,  0.1080, -0.0890, -0.2181, -0.1559]],

         [[ 0.2343,  0.1980,  0.0965,  0.0606,  0.1125],
          [ 0.2156,  0.1667,  0.0579, -0.0091, -0.0004],
          [ 0.2438,  0.1780,  0.0314, -0.0827, -0.1504],
          [ 0.2877,  0.2164,  0.0068, -0.1429, -0.1625],
          [ 0.1924,  0.1493, -0.0234, -0.1724, -0.1591]]],


        [[[ 0.3868,  0.2730,  0.3319,  0.3480,  0.2555],
          [ 0.2245,  0.1282,  0.1701,  0.2576,  0.2013],
          [ 0.1492,  0.0719,  0.0062,  0.0653,  0.0496],
          [ 0.0757,  0.0496, -0.0582, -0.0727, -0.0527],
          [ 0.0579,  0.0536, -0.0574, -0.1084, -0.0738]],

         [[ 0.3759,  0.3084,  0.3203,  0.2958,  0.2089],
          [ 0.2092,  0.2047,  0.2074,  0.2306,  0.1707],
          [ 0.1213,  0.1413,  0.0536,  0.0610,  0.0435],
          [ 0.0582,  0.1081,  0.0033, -0.0841, -0.0985],
          [-0.0294,  0.0202, -0.0565, -0.1538, -0.1349]],

         [[ 0.3861,  0.3390,  0.3488,  0.3234,  0.2226],
          [ 0.1973,  0.2080,  0.2134,  0.2294,  0.1485],
          [ 0.0996,  0.1210,  0.0261,  0.0185, -0.0226],
          [ 0.0584,  0.1006, -0.0261, -0.1314, -0.1626],
          [-0.0145,  0.0267, -0.0791, -0.1971, -0.1919]]],


        [[[-0.4404, -0.3631, -0.2811, -0.3402, -0.3208],
          [-0.5056, -0.3962, -0.2951, -0.2673, -0.1946],
          [-0.3554, -0.2144, -0.1198, -0.0502,  0.0129],
          [-0.1635, -0.0190, -0.0031,  0.0115,  0.0262],
          [-0.2002, -0.1203, -0.0715, -0.0301, -0.0567]],

         [[-0.4224, -0.3671, -0.2815, -0.3122, -0.2870],
          [-0.4030, -0.2833, -0.1874, -0.2101, -0.1682],
          [-0.2340, -0.1246, -0.0986, -0.1022, -0.0421],
          [-0.1539, -0.0432, -0.0829, -0.0892, -0.0561],
          [-0.2460, -0.1301, -0.1219, -0.1105, -0.0566]],

         [[-0.4888, -0.4714, -0.4147, -0.4271, -0.3886],
          [-0.4878, -0.4016, -0.3250, -0.3409, -0.2888],
          [-0.3040, -0.2133, -0.1912, -0.1923, -0.1253],
          [-0.2020, -0.0830, -0.1158, -0.1233, -0.0752],
          [-0.2712, -0.1435, -0.1215, -0.1101, -0.0469]]],


        [[[ 0.0325,  0.0286, -0.0129, -0.0319,  0.0023],
          [-0.0586, -0.0598, -0.0397, -0.0064,  0.0106],
          [-0.1349, -0.1129, -0.0626, -0.0355, -0.0383],
          [-0.1925, -0.1691, -0.1070, -0.0789, -0.1156],
          [-0.3087, -0.2717, -0.2185, -0.1309, -0.1552]],

         [[ 0.0645,  0.1097,  0.0990,  0.0715,  0.0826],
          [-0.0118,  0.0237,  0.0383,  0.0519,  0.0413],
          [-0.1177, -0.0808, -0.0535, -0.0402, -0.0599],
          [-0.2375, -0.1761, -0.1218, -0.1325, -0.1685],
          [-0.3600, -0.2778, -0.2274, -0.1802, -0.2092]],

         [[ 0.1219,  0.1456,  0.1075,  0.0741,  0.1058],
          [ 0.0466,  0.0576,  0.0375,  0.0507,  0.0512],
          [-0.0469, -0.0470, -0.0608, -0.0451, -0.0599],
          [-0.1732, -0.1454, -0.1231, -0.1210, -0.1513],
          [-0.3001, -0.2415, -0.2028, -0.1521, -0.1873]]]])}, 103465399424: {'momentum_buffer': tensor([ 0.1207, -0.3452, -0.3329,  0.4158, -0.5607,  0.1454])}, 103465399496: {'momentum_buffer': tensor([[[[-0.0098, -0.0345, -0.1237, -0.1794, -0.1486],
          [-0.0153,  0.0499, -0.0992, -0.0878, -0.1209],
          [-0.0593,  0.0280,  0.0118, -0.0292, -0.0347],
          [-0.0157, -0.0400, -0.0289, -0.0724, -0.0506],
          [-0.0583, -0.0897, -0.1040, -0.1147, -0.0720]],

         [[-0.4323, -0.4578, -0.2847, -0.3496, -0.3155],
          [-0.4109, -0.3259, -0.3479, -0.3550, -0.2519],
          [-0.2817, -0.3500, -0.4286, -0.3601, -0.3977],
          [-0.2996, -0.3433, -0.3817, -0.2693, -0.3954],
          [-0.3905, -0.3425, -0.3952, -0.2806, -0.4601]],

         [[-0.1524,  0.0061, -0.0739, -0.1497, -0.2025],
          [-0.2270, -0.0979, -0.0055, -0.1652, -0.2572],
          [-0.3054, -0.1872,  0.0190, -0.1557, -0.1395],
          [-0.2444, -0.1950, -0.0584, -0.1034, -0.0955],
          [-0.1460, -0.1818, -0.0550, -0.2528, -0.2691]],

         [[-0.3960, -0.2954, -0.2503, -0.2440, -0.2519],
          [-0.3620, -0.3913, -0.3619, -0.3310, -0.2895],
          [-0.4012, -0.5012, -0.5259, -0.5103, -0.4914],
          [-0.4432, -0.4724, -0.4367, -0.4324, -0.4811],
          [-0.4098, -0.3645, -0.3177, -0.3286, -0.3914]],

         [[-0.0875, -0.2163, -0.2708, -0.2692, -0.2330],
          [-0.2018, -0.2170, -0.2005, -0.1847, -0.1887],
          [-0.1419,  0.0074, -0.0010,  0.0032,  0.0078],
          [-0.0688, -0.0920, -0.0773, -0.0408, -0.0965],
          [-0.2280, -0.1681, -0.1716, -0.1571, -0.1319]],

         [[-0.6846, -0.6605, -0.6288, -0.6639, -0.7002],
          [-0.6084, -0.5651, -0.5522, -0.5697, -0.5956],
          [-0.4992, -0.4427, -0.4085, -0.4301, -0.4478],
          [-0.4482, -0.4266, -0.4225, -0.4160, -0.4256],
          [-0.4942, -0.4730, -0.4630, -0.4644, -0.4956]]],


        [[[-0.1260, -0.0548, -0.0267,  0.0668,  0.0534],
          [-0.1387, -0.0631, -0.0565,  0.0229,  0.0569],
          [-0.1121, -0.0474, -0.0265, -0.0566,  0.0040],
          [-0.0485, -0.1393, -0.0196, -0.0142,  0.0890],
          [ 0.0405, -0.0422,  0.0422,  0.0982,  0.0644]],

         [[ 0.1146, -0.0010,  0.0403,  0.0446, -0.0038],
          [ 0.0363, -0.0260,  0.1251,  0.0164, -0.0994],
          [ 0.0014,  0.1046,  0.0340, -0.0334,  0.0129],
          [-0.0223,  0.1388, -0.0511,  0.1171,  0.0918],
          [-0.0720,  0.0195,  0.0160,  0.1134, -0.0102]],

         [[ 0.1333,  0.0978, -0.0341,  0.0284, -0.0636],
          [ 0.1988, -0.0179, -0.0582, -0.0017,  0.1017],
          [ 0.2757, -0.1206, -0.0579,  0.3045,  0.2194],
          [ 0.1962, -0.2144, -0.0831,  0.3179,  0.1926],
          [-0.0940, -0.1280, -0.2270,  0.1466,  0.1546]],

         [[ 0.0582,  0.0098,  0.0329,  0.0089,  0.0361],
          [-0.0230, -0.0475, -0.0556, -0.0822, -0.0593],
          [-0.0718, -0.1059, -0.1401, -0.1164,  0.0125],
          [-0.1086, -0.0846, -0.1816, -0.1666, -0.0596],
          [-0.1240, -0.1178, -0.2221, -0.3192, -0.2731]],

         [[ 0.0435,  0.1560,  0.1383,  0.1281,  0.0918],
          [ 0.1733,  0.0463, -0.0712, -0.0362,  0.0117],
          [ 0.1283,  0.0638,  0.0141, -0.0314, -0.1690],
          [ 0.0696,  0.0280, -0.0079, -0.1549, -0.1085],
          [ 0.0557, -0.0315, -0.1045, -0.0906,  0.0178]],

         [[ 0.0435,  0.0526,  0.1031,  0.1697,  0.1733],
          [-0.0001,  0.0236,  0.0850,  0.1182,  0.1126],
          [ 0.0105, -0.0211, -0.0212,  0.0108,  0.0008],
          [ 0.0590,  0.0421, -0.0316, -0.0072, -0.0105],
          [ 0.0556,  0.0597, -0.0020,  0.0225,  0.0159]]],


        [[[ 0.0081,  0.0011, -0.0361, -0.0087, -0.0328],
          [-0.0446, -0.0072, -0.0186, -0.0202, -0.1202],
          [-0.1225, -0.0344, -0.0894, -0.0358, -0.1042],
          [-0.1028, -0.0479, -0.0851, -0.0502, -0.0438],
          [-0.1570, -0.1301, -0.0610, -0.1100, -0.1008]],

         [[ 0.1354,  0.0349,  0.1212,  0.0243,  0.0504],
          [-0.0283,  0.1129,  0.0470,  0.0685,  0.0550],
          [-0.0001, -0.0353,  0.0512, -0.0684,  0.0151],
          [-0.0355, -0.1620, -0.0603, -0.1225, -0.0247],
          [-0.1528, -0.1000, -0.0393, -0.0422, -0.1868]],

         [[-0.2612, -0.0460, -0.0284,  0.0363, -0.0886],
          [-0.2732, -0.1374, -0.1631, -0.0535, -0.1024],
          [-0.2537, -0.2641, -0.1809, -0.1273, -0.2011],
          [-0.2046, -0.2187, -0.0688, -0.2718, -0.3345],
          [-0.1079, -0.2168, -0.2038, -0.2704, -0.1398]],

         [[-0.0654, -0.1530, -0.1319, -0.0878, -0.1080],
          [-0.0564, -0.0986, -0.0822, -0.0117,  0.0019],
          [-0.1213, -0.1611, -0.0980, -0.0725, -0.0326],
          [-0.1688, -0.1623, -0.0788, -0.0276, -0.0217],
          [-0.0593, -0.0306, -0.0017, -0.0555, -0.0812]],

         [[-0.0968, -0.0852, -0.0430, -0.1447, -0.0953],
          [-0.2080, -0.2187, -0.1206, -0.1455, -0.1605],
          [-0.2070, -0.1546, -0.0890, -0.0549, -0.1534],
          [-0.1422, -0.1136, -0.1701, -0.3334, -0.2112],
          [-0.2123, -0.3158, -0.4063, -0.2465, -0.1463]],

         [[-0.1017, -0.0374, -0.0133, -0.0005, -0.0409],
          [-0.0937, -0.0574, -0.0543, -0.0496, -0.0316],
          [-0.1455, -0.0736, -0.0576, -0.0341, -0.0157],
          [-0.1355, -0.1040, -0.0867, -0.0343, -0.0137],
          [-0.1449, -0.1359, -0.0982, -0.0718, -0.0658]]],


        ...,


        [[[ 0.0312, -0.0716, -0.0882, -0.0653,  0.0141],
          [-0.0290,  0.0053, -0.0137,  0.0350,  0.0905],
          [-0.0540,  0.0262, -0.0083,  0.0703,  0.1264],
          [-0.0173, -0.0196, -0.0227,  0.0435,  0.1149],
          [-0.0363, -0.0269, -0.0198, -0.0331,  0.0221]],

         [[-0.0630,  0.0280,  0.0356,  0.0839,  0.0511],
          [-0.0022,  0.1379, -0.0047,  0.0170,  0.0377],
          [ 0.0477,  0.0880,  0.0515,  0.0771,  0.0569],
          [ 0.0488,  0.1952,  0.0308,  0.1300,  0.0042],
          [ 0.1664,  0.1930,  0.0268,  0.0530, -0.0221]],

         [[ 0.0430,  0.0500, -0.2348, -0.0493,  0.0144],
          [ 0.0138, -0.0763, -0.0720,  0.0340,  0.1194],
          [ 0.1232, -0.2082, -0.0967, -0.0604,  0.1109],
          [ 0.1746, -0.2479, -0.0723, -0.1501,  0.1092],
          [ 0.0138, -0.1781, -0.0855, -0.1425,  0.0484]],

         [[ 0.1147,  0.1573,  0.1215,  0.0541, -0.0394],
          [ 0.1095,  0.1100,  0.0327, -0.0105, -0.0618],
          [ 0.0960,  0.0740,  0.0009, -0.0393, -0.0584],
          [ 0.0982,  0.0885, -0.0695, -0.0406, -0.0531],
          [ 0.0899,  0.0323, -0.1075, -0.0874, -0.0780]],

         [[-0.0333, -0.0608, -0.0346,  0.0099,  0.0244],
          [-0.0410,  0.0544,  0.0805,  0.0562, -0.0270],
          [ 0.0086, -0.0257,  0.0064,  0.1059,  0.1154],
          [-0.0330, -0.0433,  0.0634,  0.1027,  0.0714],
          [-0.0328,  0.0191, -0.0015, -0.0351, -0.0613]],

         [[ 0.0149,  0.0328, -0.1726, -0.2803, -0.3661],
          [ 0.0631,  0.0251, -0.1315, -0.2073, -0.2505],
          [ 0.0351, -0.0258, -0.1227, -0.1520, -0.1785],
          [ 0.0383, -0.0282, -0.1187, -0.1875, -0.2128],
          [ 0.0030, -0.0451, -0.1024, -0.1637, -0.1869]]],


        [[[ 0.0541, -0.0239, -0.0612, -0.0859, -0.0096],
          [ 0.1634,  0.0519, -0.0364, -0.0408, -0.0440],
          [ 0.0865,  0.1064,  0.0382,  0.0225,  0.0190],
          [-0.0020,  0.0512,  0.0600, -0.0147,  0.0696],
          [ 0.0054, -0.0134,  0.0980, -0.0097,  0.1268]],

         [[-0.0341,  0.0429, -0.0327, -0.0588,  0.0041],
          [-0.0753, -0.0017, -0.0517,  0.0086, -0.0004],
          [-0.0013, -0.0979, -0.0170,  0.1320,  0.0590],
          [-0.0183, -0.0799,  0.0273,  0.0908,  0.0304],
          [-0.0979, -0.0338, -0.0702, -0.0688, -0.0514]],

         [[-0.0155,  0.0876, -0.0967, -0.1087, -0.2310],
          [ 0.0171,  0.0430, -0.0304, -0.0196, -0.0811],
          [ 0.0125,  0.0379,  0.0354, -0.1616,  0.0324],
          [ 0.0291,  0.0104,  0.0384, -0.2304,  0.0144],
          [ 0.1642, -0.0159,  0.0251, -0.0742, -0.1132]],

         [[ 0.0190, -0.0197, -0.0152, -0.0027,  0.0252],
          [-0.0655, -0.0941, -0.0172,  0.0206,  0.0677],
          [ 0.0365, -0.0618, -0.0069,  0.0787,  0.0422],
          [ 0.1173,  0.0070,  0.0497,  0.0787,  0.0518],
          [ 0.0583,  0.0450,  0.0491,  0.0724,  0.0697]],

         [[ 0.0233,  0.0323, -0.0030, -0.0053, -0.0332],
          [ 0.0877,  0.0478,  0.0607,  0.0471, -0.0378],
          [-0.0061,  0.0452,  0.0307,  0.0776,  0.1128],
          [-0.0547, -0.0837,  0.0042,  0.0921,  0.1205],
          [ 0.0232, -0.0162,  0.0903,  0.0869,  0.0390]],

         [[ 0.0647,  0.0340,  0.0025, -0.0481, -0.0426],
          [ 0.0431,  0.0277,  0.0297,  0.0337, -0.0058],
          [-0.0195,  0.0008,  0.0197,  0.0198,  0.0115],
          [-0.0531, -0.0362, -0.0255, -0.0446, -0.0433],
          [-0.0293, -0.0444, -0.0277, -0.0637, -0.0764]]],


        [[[-0.1115, -0.1072, -0.1340, -0.0725, -0.0621],
          [-0.1108, -0.0912, -0.1331, -0.1177, -0.0552],
          [-0.1462, -0.1171, -0.1686, -0.1250, -0.1022],
          [-0.1942, -0.1993, -0.1290, -0.0873, -0.1756],
          [-0.2312, -0.2535, -0.1965, -0.0802, -0.1310]],

         [[-0.1341, -0.0635, -0.0933, -0.2283, -0.1479],
          [-0.2148, -0.0786, -0.2303, -0.1466, -0.1317],
          [-0.1208, -0.0863, -0.1114, -0.0336, -0.1543],
          [-0.1176, -0.0384, -0.1207, -0.1090, -0.1324],
          [-0.0721, -0.0734, -0.2013, -0.1448, -0.1920]],

         [[-0.3420, -0.1058, -0.3468, -0.1094, -0.2283],
          [-0.3639, -0.2206, -0.2041, -0.1867, -0.3245],
          [-0.2122, -0.1952, -0.1814, -0.2106, -0.2304],
          [-0.1371, -0.2107, -0.1940, -0.1606, -0.1269],
          [-0.1848, -0.1300, -0.1576, -0.1374, -0.0592]],

         [[-0.1530, -0.0803, -0.0911, -0.1500, -0.1412],
          [-0.1167, -0.1187, -0.1841, -0.1153, -0.1188],
          [-0.0918, -0.0887, -0.1385, -0.0889, -0.0917],
          [-0.0804, -0.0818, -0.1165, -0.0495, -0.0408],
          [-0.0724, -0.0742, -0.0747, -0.0147, -0.0162]],

         [[-0.2988, -0.2848, -0.2253, -0.2081, -0.1170],
          [-0.2158, -0.1226, -0.1313, -0.1571, -0.0661],
          [-0.1548, -0.1412, -0.1246, -0.1035, -0.0365],
          [-0.1681, -0.0934, -0.0491, -0.0689, -0.0815],
          [ 0.0053, -0.0521, -0.1423, -0.0752, -0.0989]],

         [[-0.3661, -0.2743, -0.3463, -0.3231, -0.3387],
          [-0.4320, -0.3636, -0.3858, -0.2447, -0.2858],
          [-0.4383, -0.4149, -0.3455, -0.1897, -0.2433],
          [-0.3669, -0.3851, -0.3301, -0.1894, -0.2265],
          [-0.2752, -0.3194, -0.2851, -0.1678, -0.2067]]]])}, 103465399568: {'momentum_buffer': tensor([-0.4536,  0.0796, -0.0599,  0.0590,  0.0198, -0.1745, -0.0692, -0.0204,
        -0.2000,  0.4736,  0.0202, -0.1040, -0.0422, -0.0174, -0.0651, -0.1683])}, 103465399640: {'momentum_buffer': tensor([[ 3.5328e-02,  6.8151e-02,  7.4816e-02,  ...,  3.9378e-02,
         -4.6983e-03,  9.4914e-03],
        [ 8.7818e-03,  1.9053e-02,  1.8480e-02,  ...,  1.5762e-03,
          2.6471e-03,  2.7452e-02],
        [ 4.3285e-03,  5.0587e-03,  7.0053e-03,  ..., -1.5332e-02,
         -1.7525e-03, -1.8724e-03],
        ...,
        [ 9.6628e-03,  5.1107e-03, -5.1975e-03,  ...,  5.1558e-02,
          7.3850e-03, -9.6032e-03],
        [ 2.6352e-03,  7.8192e-03,  9.9103e-03,  ...,  2.2687e-02,
          2.1899e-04, -7.1157e-03],
        [ 2.1520e-05, -1.1315e-04, -1.6253e-04,  ..., -9.0213e-06,
          5.2571e-08, -3.8629e-04]])}, 103465399712: {'momentum_buffer': tensor([ 0.0171,  0.0170, -0.0043, -0.0173, -0.0398, -0.0048,  0.0953, -0.0432,
        -0.0166, -0.0285, -0.0180, -0.0664,  0.0025, -0.0527, -0.0978,  0.0647,
         0.0360,  0.0194, -0.0167, -0.0635,  0.0040, -0.0556, -0.0213,  0.0754,
         0.0133, -0.0045, -0.0144,  0.0243,  0.0616, -0.0013,  0.0305,  0.0176,
        -0.0049,  0.1935,  0.0095, -0.0930, -0.0849, -0.0179, -0.0025, -0.0049,
         0.0079, -0.0271, -0.0018,  0.0834,  0.0070,  0.0106, -0.0062, -0.0038,
        -0.0561,  0.0253,  0.0171,  0.0178,  0.0087,  0.0120, -0.0050, -0.0806,
         0.0284,  0.0001, -0.0222, -0.0150,  0.0683,  0.0066,  0.0024, -0.0145,
        -0.0760, -0.0056,  0.0018, -0.0297,  0.0307,  0.0411,  0.0074, -0.1061,
         0.0025, -0.0609,  0.0487, -0.0199,  0.0052, -0.0246,  0.0224,  0.0100,
        -0.0375, -0.0305, -0.0463, -0.0077, -0.0100, -0.0022, -0.0256,  0.0010,
        -0.0218, -0.0056,  0.0432,  0.0538, -0.0169, -0.0282, -0.0501, -0.0684,
         0.0614, -0.0257, -0.0055, -0.0481, -0.0509,  0.0053,  0.0439,  0.0021,
        -0.0099, -0.1445, -0.0819,  0.0712,  0.0129,  0.0008, -0.0142,  0.0372,
        -0.0312,  0.0102,  0.0178, -0.0223,  0.0030,  0.0318, -0.0155,  0.0027])}, 103465399784: {'momentum_buffer': tensor([[-0.0176, -0.0029,  0.0006,  ..., -0.0018,  0.0073, -0.0000],
        [-0.0400, -0.0096,  0.0012,  ...,  0.0056,  0.0376,  0.0001],
        [-0.0031,  0.0087, -0.0026,  ..., -0.0360, -0.0212,  0.0020],
        ...,
        [-0.0525, -0.0020, -0.0033,  ..., -0.0080, -0.0062, -0.0002],
        [ 0.3299,  0.0442, -0.0003,  ...,  0.0013,  0.0509,  0.0001],
        [-0.0038, -0.0005,  0.0001,  ...,  0.0094,  0.0010,  0.0007]])}, 103465399856: {'momentum_buffer': tensor([-0.0540, -0.0507, -0.0375,  0.0971, -0.0163,  0.0213,  0.0192,  0.0649,
        -0.0001,  0.0096, -0.0294,  0.0256,  0.0217, -0.2113,  0.0132,  0.0209,
        -0.0014,  0.0586, -0.0316,  0.0330,  0.0123, -0.0189, -0.0222, -0.0101,
         0.0374,  0.0525,  0.0405, -0.0588, -0.0455,  0.0887,  0.1050,  0.0734,
        -0.0355, -0.0003,  0.2127, -0.2533,  0.0419, -0.1819,  0.0543,  0.0457,
         0.0409, -0.0011, -0.0523,  0.0053, -0.0381, -0.0305,  0.0246, -0.1664,
         0.0449,  0.0063, -0.0737, -0.0132, -0.0891, -0.0369, -0.1691,  0.0137,
         0.0461, -0.1016, -0.0571, -0.0096, -0.1048,  0.0006,  0.0173, -0.0370,
         0.0080,  0.0480, -0.0325,  0.0892,  0.1263, -0.0360,  0.1165, -0.1022,
        -0.0287, -0.0003, -0.0306,  0.1328, -0.0707,  0.0308, -0.0458,  0.0247,
        -0.0616, -0.0091,  0.0471,  0.0168])}, 103465399928: {'momentum_buffer': tensor([[ 7.5484e-03,  8.5170e-02, -8.4085e-02,  3.0995e-01,  3.8410e-03,
         -9.4806e-03,  6.6488e-02,  2.0420e-01,  7.0662e-02,  9.4403e-02,
          8.1261e-02,  5.8751e-01, -2.2507e-01,  2.1114e-01, -2.4430e-02,
          3.3586e-02,  6.5501e-05,  1.7403e-01,  1.6846e-02, -8.7510e-03,
          1.1482e-01, -3.3058e-04, -1.2004e-01,  3.0239e-02, -5.1701e-03,
          4.7899e-01,  2.9900e-01,  4.3034e-02,  1.4258e-01, -6.1795e-02,
          3.5388e-02, -6.8550e-02, -1.1489e-01,  4.7449e-02,  2.9484e-01,
          1.2389e-01,  1.7750e-03,  1.3338e-01,  3.5652e-01,  1.1536e-02,
          4.2206e-03, -4.8772e-02, -3.6438e-02, -1.4889e-02,  5.9487e-02,
          4.0832e-02,  2.6085e-01,  4.4666e-01,  5.9931e-03,  1.0732e-03,
          2.4034e-01,  1.4027e-02,  5.9448e-02,  8.0330e-03,  4.3453e-01,
          2.9096e-02,  2.5411e-01,  3.3881e-01,  7.4424e-04,  2.1784e-02,
          9.2728e-02,  3.3286e-04,  1.2977e-01,  9.8903e-02,  4.9262e-03,
         -1.6545e-01,  1.6338e-01, -2.9592e-02, -1.1309e-02, -2.5035e-01,
          3.6852e-02,  1.5957e-01,  9.6502e-02,  4.0731e-01, -2.9491e-04,
         -8.1467e-02,  5.1952e-03,  2.8472e-02,  2.3386e-02, -1.3969e-01,
         -6.8569e-02,  1.6982e-01,  4.0488e-01,  2.6723e-02],
        [-3.0823e-02, -5.0767e-01, -2.7099e-01,  4.4630e-02, -9.0100e-02,
         -3.8312e-02, -1.0072e-01, -1.5118e-01,  3.2728e-03, -2.2807e-02,
         -1.4244e+00, -8.0006e-01, -4.1932e-02,  1.5500e-01, -5.3365e-02,
         -1.3695e-01,  2.9217e-05, -5.1500e-01, -1.0952e-01, -2.7367e-02,
         -2.4430e-01,  1.9245e-03,  1.6749e-02,  1.5936e-02, -8.4920e-01,
          3.5549e-01,  2.6861e-01, -4.6833e-02,  8.5481e-02, -2.5917e-02,
          9.6420e-02, -2.3545e-02, -2.2418e-02, -8.8338e-02, -1.8277e-01,
         -5.6659e-01,  1.7713e-02,  2.7371e-02, -8.1747e-01, -2.3433e-02,
         -1.5272e-01,  8.6836e-02,  1.7195e-03,  2.7798e-03,  1.4716e-02,
          1.8826e-02, -2.0404e-01,  4.3219e-02, -1.9881e-01,  1.0390e-03,
          1.8578e-01, -3.5432e-02, -1.7369e-01, -4.6363e-03, -4.9835e-01,
         -1.0793e-01, -3.5232e-01,  1.6564e-01,  6.2909e-03, -4.9316e-02,
          4.1084e-02,  8.0975e-05, -2.0129e-01,  1.4121e-02, -1.3929e-03,
         -1.7841e-02, -2.7534e-01, -1.6597e-01, -6.8770e-02, -4.5565e-02,
         -1.0933e-01, -1.3187e-02,  8.0255e-02,  8.5736e-02, -4.2425e-01,
         -2.4946e-01,  1.9952e-02, -2.4422e-01,  7.2157e-03, -1.2343e-01,
         -4.4010e-02, -7.5621e-02,  3.8559e-01, -4.4594e-03],
        [-6.7499e-02, -3.8743e-02, -2.7768e-01,  1.4401e-01,  1.3521e-03,
          1.4823e-02, -3.9679e-02, -4.6840e-01,  5.1203e-02, -5.6353e-03,
          1.0883e-01, -3.4070e-01,  3.5810e-04, -3.4401e-02, -3.2281e-02,
         -5.9153e-02,  6.5426e-04,  9.5662e-02,  8.0926e-03,  3.3081e-02,
          5.5559e-02,  6.0219e-03, -4.9878e-02,  3.4069e-02,  4.7194e-02,
         -4.9576e-01, -2.7584e-01, -2.0528e-01, -2.4331e-01,  2.0086e-01,
         -2.5596e-01, -1.5485e-02,  4.2769e-02, -2.5503e-02, -6.2548e-02,
         -4.6076e-01,  8.2895e-02, -7.3741e-01, -2.3903e-01, -2.1655e-01,
         -4.0917e-02, -1.0101e-01, -2.1583e-02, -3.1749e-02, -4.5956e-02,
          1.9524e-02,  7.8429e-04, -4.3077e-02, -6.2778e-03, -7.4659e-03,
         -2.8247e-01, -3.0753e-02, -5.8014e-02,  3.3752e-02, -5.9576e-01,
          2.7969e-02,  3.2998e-02, -1.3845e-01, -8.8956e-02, -3.7530e-02,
          5.4274e-02,  1.5357e-05,  9.2741e-02,  7.1867e-03, -1.5262e-02,
          3.4542e-02, -1.4305e-01, -6.4102e-02,  2.1607e-01, -2.3654e-01,
          4.9352e-02, -2.9114e-01, -2.9441e-01, -2.9948e-01, -1.1066e-01,
         -1.1716e-01, -6.4274e-02, -8.3946e-04, -3.5120e-02,  1.0588e-01,
         -3.9346e-01, -5.6644e-02, -2.3950e-01, -2.6773e-03],
        [ 1.6755e-02,  1.8684e-01,  4.6832e-01,  3.9137e-02,  1.7713e-03,
          1.1605e-02,  8.6344e-02,  2.4595e-01,  2.1382e-02,  5.2294e-02,
          1.3957e-01,  3.9888e-02,  1.4593e-01,  1.4080e-01,  3.1953e-01,
         -2.4839e-01,  4.7164e-04,  5.4935e-02, -1.0499e-01,  1.2978e-02,
         -1.2234e-02, -1.1030e-02,  9.4977e-02, -1.7609e-01, -1.2626e-01,
          6.5121e-02,  3.2493e-02, -1.3019e-01,  7.5096e-02,  3.4210e-02,
          1.2738e-01,  8.3693e-03,  1.4905e-01,  6.1690e-02,  6.4394e-02,
         -7.6212e-02, -2.0397e-01,  2.5507e-01,  3.2497e-02,  9.7816e-02,
          5.2202e-04, -2.7284e-02,  5.2328e-02,  1.3233e-02,  2.5278e-02,
          7.3274e-03, -2.7113e-02,  1.0930e-01,  1.5670e-02, -9.7024e-03,
          8.7043e-02, -1.2088e-01, -8.7844e-02, -5.0195e-03,  1.7745e-01,
         -5.7476e-02,  4.1097e-02,  1.1830e-01,  4.6096e-02, -1.3611e-01,
          9.2815e-02,  9.4211e-06, -1.8216e-05,  2.4386e-02, -4.0244e-02,
          7.7876e-02,  1.8270e-01,  7.6769e-02,  6.1542e-02,  4.0684e-01,
          6.1019e-02, -3.5221e-03,  2.0432e-02,  4.8480e-02,  7.9735e-02,
          2.8136e-01,  1.8314e-01, -5.7604e-02, -6.7608e-02,  6.8364e-02,
          6.2287e-01,  1.1307e-01,  3.5798e-02,  4.8277e-03],
        [ 9.1055e-02, -2.6194e-02, -2.0782e-01, -3.7155e-02,  9.3400e-04,
         -6.7959e-03, -1.3826e-01, -5.9798e-02, -2.3023e-02, -7.2072e-02,
          3.7420e-02, -1.2785e-03, -1.4130e-01, -7.5161e-02, -7.9520e-02,
          2.0510e-01,  2.1791e-03,  4.0584e-02,  8.5167e-02, -4.1756e-03,
         -1.9271e-02, -9.4589e-03, -3.4351e-02,  7.5120e-02,  9.0355e-02,
         -8.4398e-02, -6.3814e-02, -2.3372e-01,  2.6414e-02, -7.0938e-02,
          9.9822e-02, -6.9108e-02, -3.3238e-01,  1.9484e-02,  3.2968e-02,
          2.0889e-01,  2.3546e-02, -2.2190e-01,  3.6285e-02, -1.7678e-01,
          5.3199e-02,  1.3786e-01,  1.9342e-02, -6.0909e-02,  5.5968e-02,
         -1.9154e-02, -6.7340e-03, -1.4858e-01,  3.6495e-03,  1.0336e-02,
          6.8155e-02,  5.4763e-02,  5.5926e-02,  5.6779e-02,  1.3270e-01,
          1.0935e-02, -4.0057e-02, -1.6644e-01, -7.9132e-02,  8.3394e-02,
         -6.3108e-03,  5.7329e-05, -1.2817e-01,  2.3326e-02,  5.2978e-03,
          1.9685e-02, -7.6021e-02,  2.3513e-02, -6.4682e-03, -4.6133e-01,
         -1.7189e-02, -8.1963e-02, -1.2999e-02, -4.5838e-02,  1.5996e-02,
          4.5533e-02, -4.9518e-01,  1.3558e-02, -1.7337e-01, -6.8445e-03,
         -6.5541e-01, -1.2202e-01,  1.1354e-02, -8.6141e-03],
        [ 4.0660e-02, -1.3337e-01, -1.4990e-01,  3.5912e-02,  7.2147e-04,
         -4.9580e-02,  9.2336e-02,  1.4298e-03, -1.3458e-02,  5.0733e-02,
         -4.7652e-02,  3.7924e-02, -1.4568e-01,  1.0759e-02, -3.5515e-01,
         -4.6524e-03, -1.7356e-03,  2.1817e-02, -3.2284e-02, -2.7132e-02,
          2.5229e-02, -4.4945e-03, -1.8703e-03,  5.9911e-02, -1.8054e-01,
          1.8705e-02, -1.4189e-02,  2.4908e-01, -4.1467e-03, -1.9164e-01,
          3.6025e-02,  2.3696e-02,  1.1127e-01, -3.8937e-02, -7.5264e-03,
          9.3512e-02,  3.1750e-02,  2.8453e-01,  2.3985e-02,  2.1558e-01,
          3.0715e-02, -1.5677e-01, -4.6332e-02,  4.4799e-02,  1.1231e-01,
          1.1641e-02,  7.0352e-02,  4.2020e-02,  1.7998e-03,  3.9817e-03,
         -7.0818e-02,  7.1694e-02, -1.8713e-02, -5.7395e-02,  3.6993e-02,
          3.4161e-02,  2.9106e-02,  4.6668e-02,  3.7788e-02,  7.1540e-03,
         -4.9464e-02,  2.8257e-06,  8.2998e-02, -4.2165e-03, -7.4686e-02,
         -5.7911e-02, -5.8779e-02, -2.0199e-02,  2.3337e-02,  1.3652e-01,
         -8.1334e-02,  3.0092e-02,  1.0782e-02, -1.4632e-02, -1.9140e-01,
         -2.6727e-01,  2.8087e-01, -2.9802e-02,  3.5174e-01, -5.0070e-03,
          1.9799e-01,  1.0928e-02,  3.2141e-02, -3.5564e-03],
        [-1.5148e-02, -1.4277e-02,  1.3536e-01,  2.0690e-02,  1.2547e-04,
          2.5675e-02,  9.8746e-03,  8.5148e-02, -1.6120e-02, -3.6629e-02,
          2.9319e-02,  1.1754e-02,  1.8489e-01,  2.4072e-02,  1.2967e-01,
          5.0985e-02,  3.6248e-05,  2.2959e-02,  3.9730e-02,  1.6667e-02,
          3.2927e-02,  7.4249e-03, -9.6773e-03, -2.3403e-02,  2.9635e-01,
          5.0352e-02, -7.1232e-02,  2.3739e-01,  1.5195e-02,  1.1824e-01,
          2.4473e-02, -5.2566e-03,  6.2478e-02,  1.4409e-01, -1.2574e-02,
          3.6455e-02,  7.3393e-02,  5.3160e-02, -1.8800e-02,  4.2182e-02,
         -2.9012e-02,  6.8676e-02,  7.7726e-04,  2.7030e-02,  2.2062e-02,
          5.2691e-03,  5.9398e-02,  9.7047e-02,  5.4201e-03,  4.7203e-03,
          1.5058e-02,  7.0332e-02,  9.0737e-03, -3.5141e-02,  9.2019e-02,
         -5.1763e-02, -4.2077e-02,  4.7038e-02,  2.7832e-02,  4.9654e-02,
          1.9206e-02,  3.7489e-06, -3.9369e-03,  1.4823e-02,  9.5828e-02,
          1.1402e-03,  1.4201e-01,  3.3760e-02, -1.9636e-02,  1.5385e-01,
          4.8880e-02,  9.9126e-02, -2.4253e-03,  4.0928e-02,  2.3894e-01,
          1.1108e-01,  1.8588e-01,  1.3145e-01,  5.1335e-02,  1.5338e-02,
          2.4545e-01, -4.7455e-02,  1.5580e-02,  2.3422e-03],
        [-6.4581e-02,  5.3463e-02,  8.4715e-02, -4.5106e-01,  4.1855e-04,
          1.3149e-02, -8.0800e-02, -5.9956e-02, -1.2248e-01, -9.5724e-02,
         -6.0529e-03, -2.4634e-01,  5.6164e-02, -4.5864e-01,  2.9480e-02,
          5.5235e-03, -2.0636e-03, -2.1139e-01,  1.6611e-02, -5.3278e-02,
         -2.3357e-02,  1.3832e-03,  3.2782e-02, -2.7075e-02,  3.8247e-02,
         -5.0831e-01, -5.3136e-02,  1.7337e-02, -1.4885e-01, -1.0869e-01,
         -1.4629e-01,  8.7874e-03,  4.9324e-02, -2.5197e-01, -3.6761e-01,
          4.3676e-02, -3.1664e-02,  5.4781e-02, -1.7012e-02,  3.9048e-02,
         -5.6850e-04, -6.5622e-02,  5.1789e-03,  4.0392e-03, -2.4305e-01,
         -6.4546e-02, -3.6052e-01, -5.8229e-01,  4.4717e-03, -1.0193e-02,
         -3.3682e-01, -1.8854e-02,  1.7021e-02, -1.3794e-02, -4.2376e-01,
          1.2458e-02, -2.1692e-01, -4.5556e-01,  4.2618e-02,  1.4178e-02,
         -2.3618e-01,  1.0222e-05, -1.7089e-01, -1.6947e-01,  6.5185e-03,
          9.4747e-03, -2.1908e-01, -1.1794e-02, -2.8848e-01,  1.1169e-01,
         -1.5876e-01, -1.0617e-01,  1.0679e-02, -2.6927e-01,  7.1146e-02,
          6.3343e-02, -1.8123e-01, -2.5210e-02, -2.2584e-01, -5.0189e-02,
         -1.4801e-02, -1.1510e-01, -3.6083e-01,  1.6218e-03],
        [ 7.8568e-03,  1.6652e-01,  1.3527e-01, -5.6184e-02,  5.3021e-02,
          1.8179e-02, -2.4638e-03,  3.1766e-02,  2.7373e-02,  1.6113e-02,
          5.5274e-01,  3.8108e-01,  1.4218e-01,  3.7515e-02,  1.3338e-02,
          2.9603e-02,  2.8324e-04,  1.9347e-01,  1.1927e-02,  4.9479e-02,
          2.5364e-02,  6.4586e-03,  6.0647e-02,  2.0772e-02,  3.2379e-01,
          1.5635e-01, -5.1870e-02,  1.8294e-02,  2.6209e-02,  1.2283e-01,
          1.5177e-02,  1.2898e-01,  2.9286e-02, -5.8628e-02,  1.7179e-01,
          2.9365e-01,  1.7431e-02,  1.3837e-02,  3.3341e-01,  7.6224e-03,
          4.1940e-02,  4.2975e-02,  2.2727e-02,  1.1602e-02,  5.1601e-03,
         -8.5589e-04,  3.9684e-03, -2.0981e-02,  1.0348e-01,  2.2948e-04,
          9.7576e-02, -2.7958e-02,  1.5221e-01, -1.0055e-02,  3.2382e-01,
          1.8881e-02,  1.6489e-01,  5.1257e-02,  2.3303e-02,  1.3767e-02,
         -1.5070e-02,  4.4951e-05,  1.6323e-01, -6.8317e-03,  7.1106e-03,
          8.5611e-02,  2.1618e-02,  1.0594e-01,  1.2212e-01,  1.2591e-01,
          7.0580e-02,  2.1511e-02,  1.4323e-01,  5.2235e-02,  1.6140e-01,
          9.9538e-02,  4.1930e-02,  6.9021e-02,  4.2208e-03,  1.1678e-01,
          4.9232e-02,  2.2474e-02, -8.7908e-02, -2.1803e-02],
        [ 1.4175e-02,  2.2826e-01,  1.6681e-01, -4.9927e-02,  2.7915e-02,
          2.0738e-02,  1.0688e-01,  1.7085e-01,  1.1840e-03,  1.9326e-02,
          5.2900e-01,  3.3022e-01,  2.4457e-02, -1.1084e-02,  5.2736e-02,
          1.2435e-01,  7.9952e-05,  1.2293e-01,  6.8418e-02,  8.4993e-03,
          4.5263e-02,  2.1004e-03,  1.0667e-02, -9.4767e-03,  3.6523e-01,
         -3.6541e-02, -7.0022e-02,  5.0896e-02,  2.5339e-02, -1.7173e-02,
         -3.2440e-02,  1.2111e-02,  2.5519e-02,  1.9066e-01,  6.9036e-02,
          3.0349e-01, -1.2865e-02,  1.3717e-01,  3.0961e-01,  2.9802e-03,
          9.2618e-02,  6.3109e-02,  2.2809e-03,  4.0625e-03, -5.9705e-03,
         -1.8864e-02,  2.0306e-01,  5.6676e-02,  6.4600e-02,  5.9817e-03,
         -3.8412e-03,  2.3065e-02,  4.4585e-02,  2.7476e-02,  3.2035e-01,
          8.3667e-02,  1.2917e-01, -7.2687e-03, -1.6583e-02,  3.3030e-02,
          6.9132e-03, -5.5769e-04,  3.5561e-02, -2.2261e-03,  1.1905e-02,
          1.2873e-02,  2.6257e-01,  5.1672e-02, -2.8410e-02,  5.8998e-02,
          9.9931e-02,  1.8568e-01, -5.2047e-02, -5.4705e-03,  1.5937e-01,
          1.1449e-01,  2.3718e-02,  1.1517e-01,  6.4038e-02,  1.8810e-02,
          6.0708e-02,  1.0054e-01, -1.9710e-01,  5.5953e-03]])}, 103465400000: {'momentum_buffer': tensor([ 0.2351, -0.3605, -0.2693,  0.2265, -0.1311, -0.0651,  0.1931, -0.2576,
         0.2111,  0.2178])}}
param_groups 	 [{'lr': 0.001, 'momentum': 0.9, 'dampening': 0, 'weight_decay': 0, 'nesterov': False, 'params': [103465399352, 103465399424, 103465399496, 103465399568, 103465399640, 103465399712, 103465399784, 103465399856, 103465399928, 103465400000]}]
--------------------
